Bob-00001.aig
0
0
0
0
0
0
0
0
0
time: 5
Bob-00002.aig
0
0
0
0
0
0
0
0
0
time: 5
Bob-00003.aig
0
0
0
time: 2
Bob-00004.aig
0
0
0
0
0
0
0
0
0
time: 4
Bob-00005.aig
0
0
0
0
0
0
0
0
0
time: 5
Bob-00006.aig
0
0
0
time: 2
Bob-00007.aig
0
0
0
0
0
0
0
0
0
0
0
0
0
time: 7
Bob-00008.aig
0
0
0
0
0
0
0
0
0
0
0
0
0
time: 7
Bob-00009.aig
0
0
0
0
0
0
0
0
0
0
0
0
0
time: 8
Bob-00010.aig
0
time: 1
Bob-00011.aig
0
0
time: 1
Bob-00012.aig
0
0
time: 1
Bob-00013.aig
0
0
time: 1
Bob-00014.aig
0
0
time: 2
Bob-00015.aig
0
0
0
0
0
0
0
0
0
0
0
0
0
0
time: 8
Bob-00016.aig
0
0
0
0
0
0
0
0
0
0
0
0
0
0
time: 8
Bob-00017.aig
0
0
0
0
0
0
0
0
0
0
0
0
0
0
time: 8
Bob-00018.aig
0
0
0
0
0
0
0
0
0
0
0
0
0
0
time: 9
Bob-00019.aig
0
0
0
0
0
0
0
0
0
0
time: 6
Bob-00020.aig
0
0
0
0
0
0
0
0
0
0
0
0
0
0
time: 9
Bob-00021.aig
0
0
0
0
0
0
0
0
0
0
0
0
0
0
time: 8
Bob-00022.aig
0
0
0
0
0
0
0
0
0
0
0
0
0
0
time: 9
Bob-00023.aig
0
0
0
0
0
0
0
0
0
0
0
0
0
0
time: 8
Bob-00024.aig
0
0
0
0
0
0
0
0
0
0
0
0
0
0
time: 9
Bob-00025.aig
0
0
0
0
0
0
0
0
0
0
0
0
0
0
time: 9
Bob-00026.aig
0
0
0
0
0
0
0
0
0
0
0
0
0
0
time: 8
Bob-00027.aig
0
0
0
0
0
0
0
0
0
0
0
0
0
0
time: 8
Bob-00028.aig
0
0
0
0
0
0
0
0
0
0
0
0
0
0
time: 9
Bob-00029.aig
0
0
0
0
0
0
0
0
0
0
0
0
0
0
time: 9
Bob-00030.aig
0
0
0
0
0
0
0
0
0
0
0
0
0
0
time: 8
Bob-00031.aig
0
0
0
0
0
0
0
0
0
0
0
0
0
0
time: 8
Bob-00032.aig
0
0
0
0
0
0
0
0
0
0
0
0
0
0
time: 9
Bob-00033.aig
0
0
0
0
0
0
0
0
0
0
0
0
0
0
time: 9
Bob-00034.aig
0
0
0
0
0
0
0
0
0
time: 6
Bob-00035.aig
0
0
0
0
0
0
0
0
0
time: 5
Bob-00036.aig
0
0
0
0
0
0
0
0
0
0
0
0
0
0
0
0
0
0
0
0
0
0
0
0
0
0
0
0
time: 17
Bob-00037.aig
0
0
0
0
0
0
0
0
0
0
0
time: 8
Bob-00038.aig
0
0
0
0
0
0
0
0
0
0
0
0
0
0
0
0
0
0
0
0
0
0
0
0
0
0
0
0
time: 16
Bob-00039.aig
0
0
0
0
0
0
0
0
0
0
0
0
0
0
0
0
0
0
0
0
0
0
0
0
0
0
0
0
time: 15
Bob-00040.aig
0
0
0
0
0
0
0
0
0
0
0
0
0
0
0
0
0
0
0
0
0
0
0
0
0
0
0
0
time: 15
Bob-00041.aig
0
0
0
0
0
0
0
0
0
0
0
0
time: 7
Bob-00042.aig
0
0
0
0
0
0
0
0
0
0
0
0
time: 8
Bob-00043.aig
0
0
time: 1
Bob-00044.aig
0
0
time: 1
Bob-00045.aig
0
0
time: 1
Bob-00046.aig
0
0
0
0
0
0
0
0
0
0
0
time: 8
Bob-00047.aig
0
0
0
0
0
0
0
0
0
0
0
0
0
0
0
0
0
0
0
0
0
0
0
0
0
0
0
0
time: 16
Bob-00049.aig
0
0
0
0
0
0
0
0
0
0
0
0
0
0
0
0
0
0
0
0
0
0
0
0
0
0
0
0
0
0
0
0
0
0
0
0
0
0
0
0
time: 24
Bob-00050.aig
0
0
0
0
0
0
0
0
0
0
0
0
0
0
0
0
0
0
0
0
time: 12
Bob-00051.aig
0
0
0
0
0
0
0
0
0
0
0
0
0
0
0
0
0
0
0
0
0
0
0
0
0
0
0
0
0
0
0
0
0
0
0
0
0
0
0
0
time: 23
Bob-00048.aig
0
0
0
0
0
0
0
0
0
0
0
0
0
0
0
0
0
0
0
0
0
0
0
0
time: 15
Bob-00052.aig
0
0
0
0
0
0
0
0
0
0
0
0
0
0
0
0
0
0
0
0
0
0
0
0
0
0
0
0
0
0
0
0
0
0
0
0
0
0
0
0
time: 24
Bob-00053.aig
0
0
time: 1
Bob-00054.aig
0
0
time: 2
Bob-00055.aig
0
0
0
0
0
0
time: 3
Bob-00056.aig
0
0
0
0
0
0
0
0
0
0
0
0
0
0
0
0
0
0
0
0
0
0
0
0
0
0
0
0
0
0
0
0
0
0
0
0
0
0
0
0
time: 24
Bob-00058.aig
0
0
0
0
0
0
0
0
0
0
0
0
0
0
0
0
0
0
0
0
time: 14
Bob-00057.aig
0
0
0
0
0
0
0
0
0
0
0
0
0
0
0
0
0
0
0
0
0
0
0
0
0
0
0
0
time: 17
Bob-00059.aig
0
0
0
0
0
0
0
0
0
0
0
0
0
0
0
0
0
0
0
0
0
0
0
0
0
0
0
0
0
0
0
0
0
0
0
0
0
0
0
0
time: 25
Bob-00060.aig
0
0
0
0
0
0
0
0
0
0
0
0
0
0
0
0
0
0
0
0
0
0
0
0
0
0
0
0
0
0
0
0
0
0
0
0
0
0
0
0
time: 26
Bob-00061.aig
0
0
0
0
0
0
0
0
0
0
0
0
0
0
0
0
0
0
0
0
0
0
0
0
0
0
0
0
time: 17
Bob-00062.aig
0
0
0
0
0
0
0
0
0
0
0
0
0
0
0
0
0
0
0
0
0
0
0
0
0
0
0
0
time: 17
Bob-00063.aig
0
0
0
0
0
0
0
0
0
0
0
0
0
0
0
0
0
0
0
0
0
0
0
0
0
0
0
0
time: 18
Bob-00064.aig
0
0
0
0
0
0
0
0
0
0
0
0
0
0
0
0
0
0
0
0
0
0
0
0
0
0
0
0
time: 16
Bob-00065.aig
0
0
0
0
0
0
0
0
0
0
0
0
0
0
0
0
0
0
0
0
0
0
0
0
0
0
0
0
time: 16
Bob-00066.aig
0
0
0
0
0
0
0
0
0
0
0
0
0
0
0
0
0
0
0
0
0
0
0
0
0
0
0
0
time: 16
Bob-00067.aig
0
0
0
0
0
0
0
0
0
0
0
0
0
0
0
0
0
0
0
0
0
0
0
0
0
0
0
0
time: 16
Bob-00068.aig
0
0
0
0
0
0
0
0
0
0
0
0
0
0
0
0
0
0
0
0
0
0
0
0
0
0
0
0
time: 17
Bob-00069.aig
0
0
0
0
0
0
0
0
0
0
0
0
time: 7
Bob-00070.aig
0
0
time: 1
Bob-00071.aig
0
0
0
0
0
0
0
0
0
0
0
0
time: 7
Bob-00072.aig
0
0
0
0
0
0
0
0
0
0
0
0
time: 7
Bob-00073.aig
0
0
0
0
0
0
0
0
0
0
0
0
time: 7
Bob-00074.aig
0
0
0
0
0
0
0
0
0
0
0
0
time: 7
Bob-00075.aig
0
0
0
0
0
0
0
0
0
0
0
0
0
0
0
0
0
0
0
0
0
0
0
0
0
0
0
0
time: 15
Bob-00076.aig
0
0
0
0
0
0
0
0
0
0
0
0
0
0
0
0
0
0
0
0
time: 13
Bob-00077.aig
0
0
0
0
0
0
0
0
0
0
0
0
time: 7
Bob-00079.aig
0
0
0
0
0
0
0
0
0
0
0
time: 7
Bob-00080.aig
0
0
0
0
time: 3
Bob-00081.aig
0
0
0
0
0
0
0
0
0
0
0
0
0
0
0
0
0
0
time: 13
Bob-00082.aig
0
0
0
0
0
time: 4
Bob-00083.aig
0
0
0
0
0
time: 3
Bob-00078.aig
0
0
0
0
0
0
0
0
0
0
0
0
0
0
0
0
0
0
time: 13
Bob-00084.aig
0
0
time: 1
Bob-00085.aig
0
0
0
0
time: 3
Bob-00086.aig
0
0
0
0
0
0
0
0
0
0
0
0
0
0
0
0
0
0
time: 11
Bob-00087.aig
0
0
0
0
0
0
0
0
0
0
0
0
0
0
0
0
0
0
time: 13
Bob-00088.aig
0
0
0
0
0
0
0
0
0
0
0
0
0
0
0
0
0
0
time: 13
Bob-00089.aig
0
0
0
0
0
0
0
0
0
0
0
time: 7
Bob-00090.aig
0
0
0
0
0
0
0
0
0
0
0
0
0
0
0
0
0
0
0
0
0
0
0
0
0
0
0
0
time: 18
Bob-00091.aig
0
0
0
0
0
0
0
0
0
0
0
0
0
0
0
0
0
0
0
0
0
0
0
0
0
0
0
0
time: 17
Bob-00092.aig
0
0
0
0
0
0
0
0
0
0
0
0
time: 8
Bob-00093.aig
0
0
0
0
time: 3
Bob-00094.aig
0
0
0
0
time: 2
Bob-00095.aig
0
0
0
0
0
0
0
0
0
0
0
0
0
0
0
0
0
0
0
0
0
0
0
0
0
0
0
0
time: 16
Bob-00096.aig
0
0
0
0
0
0
0
0
0
0
0
0
0
0
0
0
0
0
0
0
0
0
0
0
0
0
0
0
time: 16
Bob-00097.aig
0
0
0
0
0
0
0
0
0
0
0
time: 8
Bob-00098.aig
0
0
0
0
time: 3
Bob-00099.aig
0
0
0
0
0
0
0
0
0
0
0
0
0
0
0
0
0
0
0
0
0
0
0
0
0
0
0
0
time: 17
Bob-00100.aig
0
0
0
0
0
0
0
0
0
0
0
0
0
0
0
0
0
0
0
0
0
0
0
0
0
0
0
0
time: 17
Bob-00101.aig
0
0
0
0
0
0
0
0
0
0
0
0
0
0
0
0
0
0
0
0
0
0
0
0
0
0
0
0
time: 17
Bob-00102.aig
0
0
0
0
0
0
0
0
0
0
0
0
0
0
0
0
0
0
0
0
0
0
0
0
0
0
0
0
time: 18
Bob-00103.aig
0
0
0
0
time: 2
Bob-00104.aig
0
0
0
0
0
0
0
0
0
0
0
0
time: 8
Bob-00105.aig
0
0
0
0
0
0
0
0
0
0
0
time: 6
Bob-00106.aig
0
0
0
0
0
0
0
0
0
0
0
time: 7
Bob-00107.aig
0
0
0
0
0
0
0
0
0
0
0
0
time: 8
Bob-00108.aig
0
0
0
0
0
0
0
0
0
0
0
0
0
0
0
0
0
0
time: 11
Bob-00109.aig
0
0
0
0
0
0
0
0
0
0
0
0
0
0
0
0
0
0
time: 10
Bob-00110.aig
0
0
0
0
0
0
0
0
0
0
0
0
0
0
0
0
0
0
time: 12
Bob-00111.aig
0
0
0
0
0
0
time: 3
Bob-00112.aig
0
0
0
0
0
0
time: 4
Bob-00113.aig
0
0
0
0
0
0
time: 4
Bob-00114.aig
0
0
0
0
0
0
time: 4
Bob-00115.aig
0
0
0
0
0
0
time: 4
Bob-00116.aig
0
0
0
0
0
0
time: 3
Bob-00117.aig
0
0
0
0
0
0
0
0
0
0
0
0
time: 8
Bob-00118.aig
0
0
0
0
0
0
0
0
0
0
0
0
time: 7
Bob-00119.aig
0
0
0
0
0
0
0
0
0
0
0
0
time: 8
Bob-00120.aig
0
0
0
0
0
0
0
0
0
0
0
0
time: 7
Bob-00121.aig
0
0
0
0
0
0
0
0
0
0
0
0
time: 8
Bob-00122.aig
0
0
0
0
0
0
0
0
0
0
0
0
time: 8
Bob-00123.aig
0
0
0
0
0
0
0
0
0
0
0
0
0
0
time: 9
Bob-00124.aig
0
0
0
0
0
0
0
0
0
0
0
0
0
0
time: 9
Bob-00125.aig
0
0
0
0
0
0
0
0
0
0
time: 6
Bob-00126.aig
0
0
0
0
0
0
0
0
0
0
0
0
0
0
0
0
0
0
0
0
time: 13
Bob-00127.aig
0
0
0
0
0
0
0
0
0
0
0
0
0
0
0
0
0
0
0
0
time: 13
Bob-00128.aig
0
0
0
0
0
0
0
0
0
0
0
0
0
0
0
0
time: 10
Bob-00129.aig
0
0
0
0
0
0
0
0
0
0
0
0
0
0
0
0
time: 10
